$ 1 5.0E-6 10.20027730826997 50 5.0 50
a 528 112 640 112 0 15.0 -15.0 1000000.0
r 528 96 432 96 0 200.0
r 528 128 448 128 0 100.0
r 448 128 368 128 0 100.0
w 432 96 368 96 0
w 368 96 368 128 0
t 480 176 448 176 0 1 -22.801415782804362 -15.001493782034368 100.0
w 448 160 448 128 0
w 528 64 528 96 0
w 640 64 640 112 0
r 480 176 624 176 0 100.0
g 448 192 448 224 0
172 288 144 256 144 0 6 7.8 15.0 0.0 0.0 0.5 control del schmitt
r 528 64 640 64 0 200.0
a 640 128 768 128 0 15.0 -15.0 1000000.0
w 624 176 768 176 0
w 768 176 768 128 0
w 640 144 640 208 0
a 288 128 352 128 0 15.0 -15.0 1000000.0
w 288 112 288 80 0
w 288 80 352 80 0
w 352 80 352 128 0
a 640 336 720 336 0 15.0 -15.0 1000000.0
c 640 288 720 288 0 1.0E-5 7.138275770295135
r 640 320 560 320 0 100.0
w 640 288 640 320 0
w 720 288 720 336 0
a 480 320 560 320 0 15.0 -15.0 1000000.0
r 480 272 560 272 0 200.0
r 480 304 416 304 0 200.0
r 480 336 432 336 0 100.0
r 432 336 384 336 0 100.0
t 448 464 432 464 0 1 0.7164581651183165 0.7195358689715304 100.0
g 640 352 640 368 0
w 432 368 432 336 0
w 416 304 384 304 0
w 384 304 384 336 0
w 384 336 352 336 0
g 432 480 432 496 0
r 448 464 528 464 0 100.0
172 288 352 256 352 0 6 3.35 5.0 0.0 0.0 0.5 control carga del condensador
w 480 272 480 304 0
w 560 272 560 320 0
a 608 464 528 464 0 15.0 -15.0 1000000.0
r 608 448 752 448 0 100.0
r 528 416 608 416 0 100.0
g 608 480 608 512 0
w 528 416 528 464 0
w 608 416 608 448 0
w 432 368 432 448 0
w 768 176 768 448 0
w 768 448 752 448 0
w 640 208 720 208 0
w 720 208 720 288 0
a 288 336 352 336 0 15.0 -15.0 1000000.0
w 288 320 288 288 0
w 288 288 352 288 0
w 352 288 352 336 0
w 352 128 368 128 0
o 26 64 0 35 10.0 0.1 0 -1
o 50 64 0 35 20.0 0.2 0 -1
